Accuracy on training set:
0.992882562278
Accuracy on testing set:
0.712765957447
CLassification report:
             precision    recall  f1-score   support

        1.0       1.00      0.57      0.73         7
        2.0       0.25      0.33      0.29         3
        3.0       0.71      0.71      0.71        14
        4.0       0.74      0.78      0.76        18
        5.0       0.88      0.74      0.80        19
        6.0       0.75      0.67      0.71         9
        7.0       0.74      0.89      0.81        19
        8.0       0.17      0.20      0.18         5

avg / total       0.74      0.71      0.72        94

Confusion Matrix:
[[ 4  0  0  3  0  0  0  0]
 [ 0  1  1  0  1  0  0  0]
 [ 0  3 10  0  0  0  0  1]
 [ 0  0  0 14  1  2  1  0]
 [ 0  0  3  0 14  0  0  2]
 [ 0  0  0  2  0  6  1  0]
 [ 0  0  0  0  0  0 17  2]
 [ 0  0  0  0  0  0  4  1]]
